     6  266.220808  3.099151      74
     7  266.260581  3.100388    1633
     8  266.223111  3.101168    1857
     9  266.189261  3.100876    1612
    10  266.285328  3.100790      78
    11  266.171613  3.102935     185
    12  266.205013  3.102885    1104
    13  266.234941  3.103575     115
    14  266.159783  3.103973    1754
    15  266.179108  3.105021    1146
    16  266.256690  3.105296    1439
    17  266.173144  3.106904     334
    18  266.244801  3.106836    1346
    19  266.276749  3.107504     144
    20  266.232412  3.109895     113
    21  266.231298  3.110308    1846
    22  266.264044  3.108574    1173
    23  266.221174  3.108815    1021
    24  266.195462  3.108978    1855
    25  266.172466  3.110244    1419
    26  266.199571  3.110573    1833
    27  266.257102  3.110492     684
    28  266.243464  3.110691     297
    29  266.167724  3.112583     463
    30  266.289870  3.111929     651
    31  266.214601  3.112835     336
    32  266.219864  3.113648     464
    33  266.177440  3.114089    1390
    34  266.265456  3.114136      56
    35  266.181803  3.114450     687
    36  266.186585  3.117813     727
    37  266.221484  3.117763    1855
    38  266.247137  3.118150      70
    39  266.269187  3.119216     143
    40  266.217382  3.119973    1846
    41  266.173741  3.120828     213
    42  266.167522  3.121218    1028
    43  266.238450  3.121639    1647
    44  266.165323  3.121439     457
    45  266.164775  3.122488      98
    46  266.199560  3.122907    1209
    47  266.201008  3.123437    1578
    48  266.235683  3.122479    1492
    49  266.236912  3.122914     670
    50  266.216936  3.122869      38
    51  266.228025  3.122958     291
    52  266.172543  3.123267    1578
    53  266.239780  3.123288     482
    54  266.241887  3.123946    1392
    55  266.195308  3.125725    1633
    56  266.181690  3.124773      39
    57  266.262840  3.125069     738
    58  266.256430  3.125228     143
    59  266.178106  3.125697     658
    60  266.223288  3.126337      87
    61  266.184722  3.126661     610
    62  266.184187  3.128082    1045
    63  266.292686  3.127791     527
    64  266.220241  3.126606     851
    65  266.216725  3.126817    1076
    66  266.181318  3.128150     555
    67  266.182426  3.128771     757
    68  266.227621  3.129134     108
    69  266.240702  3.130158     181
    70  266.174620  3.131118     467
    71  266.208230  3.131425    1061
    72  266.269090  3.131357    1027
    73  266.235658  3.133442      11
    74  266.227977  3.132569    1846
    75  266.253702  3.132502     784
    76  266.271819  3.134233    1439
    77  266.172798  3.132912    1107
    78  266.244497  3.133450    1853
    79  266.211320  3.134035    1847
    80  266.201013  3.134213     759
    81  266.176798  3.134653     803
    82  266.183221  3.135168     760
    83  266.233876  3.135260    1859
    84  266.195466  3.135409     219
    85  266.222667  3.135489    1853
    86  266.223754  3.137282     387
    87  266.281814  3.135612      31
    88  266.270631  3.136879    1468
    89  266.241228  3.135913    1852
    90  266.293342  3.137551    1545
    91  266.166633  3.136916    1622
    92  266.228706  3.136901    1374
    93  266.229904  3.137793     174
    94  266.183563  3.137575    1341
    95  266.188704  3.137726     199
    96  266.247237  3.138246    1483
    97  266.236265  3.138359    1012
    98  266.207298  3.138703    1622
    99  266.238648  3.138848     509
   100  266.249698  3.138821     134
   101  266.224085  3.139043    1832
   102  266.258257  3.140918    1781
   103  266.237149  3.139922     503
   104  266.246452  3.140055     103
   105  266.190541  3.140864    1609
   106  266.198585  3.141029     246
   107  266.219380  3.141468    1801
   108  266.215060  3.142525      44
   109  266.172582  3.142687    1369
   110  266.188239  3.143505    1161
   111  266.282643  3.143149     747
   112  266.210273  3.143389     570
   113  266.206227  3.143973     589
   114  266.219864  3.144220    1507
   115  266.292852  3.145577     759
   116  266.256253  3.145701    1834
   117  266.183841  3.146275    1837
   118  266.234675  3.146430    1859
   119  266.201136  3.146667    1295
   120  266.239247  3.147271    1831
   121  266.218998  3.147397    1851
   122  266.214902  3.148946      40
   123  266.242589  3.149067     502
   124  266.271897  3.149496    1213
   125  266.229036  3.151715     465
   126  266.277379  3.151906    1843
   127  266.164805  3.151320     452
   128  266.221827  3.151501    1437
   129  266.199192  3.151739     401
   130  266.255684  3.151740     422
   131  266.210825  3.152470    1859
   132  266.175679  3.152051     755
   133  266.232409  3.152893    1089
   134  266.243374  3.152802    1853
   135  266.270825  3.152747     244
   136  266.180413  3.153459     378
   137  266.240191  3.153503      81
   138  266.186994  3.154099     727
   139  266.220668  3.156498     799
   140  266.218794  3.156214    1851
   141  266.219830  3.157375    1565
   142  266.221055  3.158462     644
   143  266.214140  3.155035     787
   144  266.287273  3.154928     444
   145  266.195495  3.155535     175
   146  266.169978  3.155645    1759
   147  266.225634  3.156465    1659
   148  266.244073  3.157907    1856
   149  266.199220  3.157153     934
   150  266.272827  3.157049    1837
   151  266.213572  3.158325     253
   152  266.214047  3.159674     149
   153  266.231608  3.158025     650
   154  266.188097  3.158157    1040
   155  266.220510  3.160326     407
   156  266.221798  3.162038    1323
   157  266.235494  3.158170    1665
   158  266.234758  3.158976    1699
   159  266.263140  3.158162    1118
   160  266.270886  3.158522     346
   161  266.275450  3.158594    1334
   162  266.276265  3.159648    1335
   163  266.275639  3.161543    1459
   164  266.191140  3.159138    1842
   165  266.205453  3.159432    1307
   166  266.204584  3.160120    1845
   167  266.204114  3.161563    1856
   168  266.203971  3.162718    1830
   169  266.204989  3.164237     130
   170  266.202199  3.160283     413
   171  266.201475  3.161767     465
   172  266.240098  3.161195       3
   173  266.226866  3.160898    1171
   174  266.231872  3.162171     359
   175  266.236276  3.160864    1859
   176  266.269644  3.160852    1851
   177  266.228687  3.161963    1714
   178  266.273309  3.161478      24
   179  266.237652  3.163169    1784
   180  266.253797  3.162350    1731
   181  266.224055  3.163547    1855
   182  266.225350  3.165141      11
   183  266.224033  3.174420      39
   184  266.225219  3.175199    1323
   185  266.236047  3.171942    1707
   186  266.237676  3.171645     866
   187  266.238854  3.172489    1788
   188  266.237397  3.175121     727
   189  266.237951  3.174294     238
   190  266.237219  3.176899    1855
   191  266.242309  3.171835     193
   192  266.242887  3.172610      40
   193  266.228429  3.176484      25
   194  266.227498  3.177355     740
   195  266.229135  3.179072     559
   196  266.224908  3.176770    1740
   197  266.226810  3.180215    1687
   198  266.261955  3.162571     622
   199  266.248981  3.165015     232
   200  266.293222  3.164020     521
   201  266.210578  3.164722    1699
   202  266.215049  3.168252    1859
   203  266.245003  3.164758     496
   204  266.263496  3.164643     596
   205  266.203252  3.165262    1432
   206  266.239223  3.166175      74
   207  266.241072  3.166466    1812
   208  266.240967  3.167970    1855
   209  266.170700  3.165887     925
   210  266.209255  3.166432    1856
   211  266.188082  3.167093    1441
   212  266.244964  3.167943     701
   213  266.174395  3.168272    1858
   214  266.198573  3.168624      17
   215  266.189962  3.168915    1525
   216  266.217162  3.168934    1536
   217  266.216562  3.170062    1820
   218  266.206523  3.169452     459
   219  266.211509  3.170153     903
   220  266.178585  3.171723    1451
   221  266.193859  3.170664     499
   222  266.213119  3.172522    1747
   223  266.215545  3.172555     538
   224  266.180670  3.170939     237
   225  266.248165  3.171034    1858
   226  266.276446  3.170987    1852
   227  266.158523  3.171985    1520
   228  266.208704  3.172177    1802
   229  266.198241  3.172229     501
   230  266.196575  3.172388     284
   231  266.276634  3.173970    1160
   232  266.247773  3.173914    1736
   233  266.242399  3.174351    1834
   234  266.244620  3.175295    1856
   235  266.283545  3.174388     641
   236  266.288510  3.174950      18
   237  266.290657  3.175677    1361
   238  266.184566  3.175461       5
   239  266.249170  3.176701     546
   240  266.180957  3.175871    1663
   241  266.240902  3.177763     481
   242  266.241755  3.177850      11
   243  266.239354  3.178298    1614
   244  266.170448  3.176732     984
   245  266.253612  3.176797     117
   246  266.213242  3.177225     705
   247  266.214129  3.180464     801
   248  266.215958  3.179923     996
   249  266.234112  3.180208    1460
   250  266.235139  3.181011     355
   251  266.231965  3.181588    1065
   252  266.210207  3.178227    1794
   253  266.224961  3.178775    1586
   254  266.178811  3.179209     632
   255  266.253926  3.179433    1102
   256  266.286647  3.179979    1738
   257  266.221066  3.180366    1852
   258  266.222195  3.182717    1843
   259  266.292221  3.180363    1203
   260  266.210212  3.182034    1454
   261  266.210568  3.183812     250
   262  266.186067  3.182757     445
   263  266.223004  3.181236     117
   264  266.229327  3.182107    1683
   265  266.182324  3.182443    1853
   266  266.256403  3.182882     519
   267  266.293745  3.182830     408
   268  266.227337  3.183093      83
   269  266.226910  3.184107    1483
   270  266.227837  3.185146      28
   271  266.212580  3.183222    1843
   272  266.213291  3.184316    1717
   273  266.239234  3.185595    1686
   274  266.199035  3.184126     506
   275  266.253919  3.184038     121
   276  266.220536  3.185053      65
   277  266.275068  3.184922       5
   278  266.233523  3.185264    1229
   279  266.192162  3.188173     628
   280  266.207561  3.186874    1857
   281  266.214962  3.187122    1081
   282  266.254325  3.187498     316
   283  266.278483  3.187673     203
   284  266.258849  3.188166    1359
   285  266.194738  3.188407    1039
   286  266.233374  3.188706      58
   287  266.218529  3.189083    1483
   288  266.229490  3.189164     445
   289  266.249745  3.190522      78
   290  266.289062  3.189633    1489
   291  266.278207  3.189945    1310
   292  266.293905  3.190066    1577
   293  266.254990  3.190742     220
   294  266.214746  3.191430     988
   295  266.215150  3.192505      44
   296  266.208696  3.191706     166
   297  266.271015  3.191556     560
   298  266.275251  3.191599     165
   299  266.227711  3.192181     864
   300  266.184218  3.192274    1365
   301  266.178916  3.193634     889
   302  266.231438  3.193688     198
   303  266.232786  3.194603     703
   304  266.256290  3.193831     199
   305  266.256948  3.196416    1456
   306  266.288732  3.194119    1359
   307  266.289987  3.195168     560
   308  266.226229  3.194535     572
   309  266.243760  3.194633     959
   310  266.239857  3.194844     327
   311  266.286790  3.194823     413
   312  266.287567  3.195552     337
   313  266.270586  3.194885      75
   314  266.184650  3.196191      58
   315  266.283464  3.195679     238
   316  266.263177  3.195917     230
   317  266.170915  3.196436    1502
   318  266.178799  3.196474    1342
   319  266.193194  3.196503      54
   320  266.258577  3.197144    1837
   321  266.208371  3.198995    1139
   322  266.246685  3.199373    1842
   323  266.235318  3.201302     430
   324  266.252069  3.202450    1799
   325  266.180406  3.202197      15
   326  266.181136  3.202886     456
   327  266.174689  3.202349      52
   328  266.201678  3.203123    1775
   329  266.257407  3.202553     626
   330  266.244771  3.203363      80
   331  266.249545  3.204619    1138
   332  266.249017  3.205758     721
   333  266.198436  3.203562     838
   334  266.214298  3.203632     437
   335  266.231458  3.206556    1858
   336  266.284570  3.204109     283
   337  266.187177  3.204538      72
   338  266.243836  3.205176     948
   339  266.244254  3.206663     990
   340  266.277674  3.205441      69
   341  266.196839  3.206130     939
   342  266.222011  3.206558       7
   343  266.295073  3.207563     385
   344  266.212255  3.208260    1854
   345  266.258717  3.208278      81
   346  266.264015  3.208348     196
   347  266.223774  3.209990    1083
   348  266.194667  3.209534    1423
   349  266.201355  3.209794     421
   350  266.169480  3.210305      17
   351  266.168407  3.212633    1858
   352  266.291950  3.212275     746
   353  266.245146  3.212417     774
   354  266.243381  3.215033     191
   355  266.283123  3.215444    1623
   356  266.217497  3.215861      11
   357  266.286747  3.216757    1473
   358  266.235956  3.217647    1083
   359  266.250954  3.217878     117
   360  266.292271  3.219573      98
   361  266.205107  3.218977    1851
   362  266.283805  3.219615    1168
   363  266.226648  3.220132    1505
   364  266.287130  3.220384     444
   365  266.221815  3.221394      57
   366  266.200797  3.221616    1851
   367  266.253854  3.221499     850
   368  266.161926  3.221803    1122
   369  266.256097  3.222514    1526
   370  266.259269  3.225418     695
   371  266.170267  3.224327     183
   372  266.213235  3.224445    1704
   373  266.282597  3.224370     257
   374  266.270368  3.224910      97
   375  266.217604  3.225158     854
   376  266.265088  3.226785    1838
   377  266.205576  3.227376    1796
   378  266.220475  3.227994    1854
   379  266.160365  3.228266    1176
   380  266.172618  3.228423      89
   381  266.262350  3.228532      66
   382  266.223458  3.229478    1276
   383  266.290843  3.229626     356
   384  266.232175  3.230535     943
   385  266.183621  3.232731    1584
   386  266.212405  3.232700     304
   387  266.169609  3.233172     944
   388  266.167834  3.233692     812
   389  266.244178  3.234527    1339
   390  266.229214  3.234923    1559
   391  266.227633  3.235811     381
   392  266.192395  3.235343     153
   393  266.289603  3.236671      65
   394  266.290854  3.237176     822
   395  266.257783  3.235561    1401
   396  266.269043  3.238664      49
   397  266.191685  3.237193     524
   398  266.217559  3.237900     747
   399  266.222662  3.239468    1267
   400  266.161793  3.238522     524
   401  266.277092  3.238195     156
   402  266.176774  3.238623    1187
   403  266.175832  3.239557      66
   404  266.230512  3.238965     347
   405  266.291088  3.238861     848
   406  266.244123  3.240369      44
   407  266.195987  3.241236     348
   408  266.286465  3.240645     736
   409  266.202153  3.241024     944
   410  266.295210  3.241208      46
   411  266.260718  3.241606      22
   412  266.278226  3.098898     439
   413  266.247355  3.099548     473
   414  266.266838  3.099546    1370
   415  266.175233  3.099939     700
   416  266.282021  3.100107     290
   417  266.236508  3.100273    1372
   418  266.206959  3.100422    1587
   419  266.193472  3.100494    1589
   420  266.186359  3.101508    1856
   421  266.258515  3.101973     445
   422  266.271715  3.102061    1856
   423  266.293723  3.102240     610
   424  266.161635  3.103372    1810
   425  266.184315  3.103639    1776
   426  266.267206  3.103431     105
   427  266.262778  3.103517    1487
   428  266.279178  3.103661    1587
   429  266.205134  3.104593     954
   430  266.222852  3.104587    1859
   431  266.245030  3.105157     846
   432  266.268308  3.105499    1849
   433  266.159012  3.106094    1101
   434  266.159804  3.106263     694
   435  266.191431  3.106142    1838
   436  266.175265  3.106793    1823
   437  266.218007  3.107279     942
   438  266.168486  3.107666     127
   439  266.166711  3.107859     464
   440  266.190585  3.107979    1252
   441  266.274497  3.107792     321
   442  266.244607  3.109258    1638
   443  266.169444  3.109338    1148
   444  266.254803  3.109261     602
   445  266.182222  3.109521     250
   446  266.269551  3.109408     162
   447  266.206725  3.110085    1856
   448  266.196526  3.111067     696
   449  266.178730  3.111443     983
   450  266.211673  3.111928    1170
   451  266.184041  3.112025     954
   452  266.258226  3.111852      47
   453  266.238634  3.112545     188
   454  266.253856  3.112647    1859
   455  266.262198  3.112784     901
   456  266.159203  3.113122     419
   457  266.245159  3.113218    1160
   458  266.291748  3.113375     983
   459  266.249273  3.113588    1858
   460  266.273776  3.113884     344
   461  266.263622  3.114795     928
   462  266.159201  3.116130    1421
   463  266.211530  3.116328      88
   464  266.266539  3.116243     334
   465  266.187824  3.116525    1859
   466  266.240418  3.117091    1855
   467  266.242085  3.117810    1776
   468  266.205251  3.118386    1858
   469  266.237695  3.118540     188
   470  266.200147  3.119317      64
   471  266.162996  3.120031     112
   472  266.205469  3.120077    1118
   473  266.213029  3.120117     950
   474  266.267109  3.120039     483
   475  266.169811  3.121415    1302
   476  266.285979  3.121336    1771
   477  266.282151  3.121910    1333
   478  266.283914  3.123243     186
   479  266.183394  3.123566     163
   480  266.234809  3.124857    1815
   481  266.288977  3.123350    1553
   482  266.162105  3.123758     265
   483  266.230099  3.123982      11
   484  266.222851  3.124459    1583
   485  266.290910  3.126955    1287
   486  266.232134  3.127414    1093
   487  266.174859  3.127675     270
   488  266.202443  3.127702      62
   489  266.224781  3.128088     604
   490  266.256403  3.129419    1198
   491  266.252098  3.129472      53
   492  266.198886  3.129845    1665
   493  266.217929  3.129845    1157
   494  266.224093  3.129948    1546
   495  266.289985  3.129791    1335
   496  266.171467  3.130926    1481
   497  266.254543  3.130780     251
   498  266.262879  3.131337     503
   499  266.187421  3.131746     529
   500  266.223729  3.131672    1849
   501  266.194951  3.131787     585
   502  266.233145  3.132450    1570
   503  266.222802  3.133362     412
   504  266.170860  3.133846     734
   505  266.265888  3.134114       6
   506  266.204365  3.134932    1856
   507  266.285596  3.134753     553
   508  266.259192  3.135433      95
   509  266.260268  3.136192    1007
   510  266.199430  3.135726    1853
   511  266.199387  3.137003      14
   512  266.187645  3.136397     177
   513  266.274057  3.136330    1801
   514  266.226289  3.137207    1835
   515  266.245756  3.137293    1847
   516  266.252148  3.137684    1571
   517  266.202986  3.137973    1837
   518  266.177709  3.138111    1616
   519  266.285144  3.137885    1824
   520  266.265337  3.138067      40
   521  266.266491  3.138238    1331
   522  266.286831  3.138270     169
   523  266.185855  3.138645    1169
   524  266.219439  3.138670     529
   525  266.242817  3.140244    1394
   526  266.210925  3.140796    1856
   527  266.188578  3.141231    1855
   528  266.264457  3.141513     963
   529  266.168734  3.142144    1674
   530  266.260417  3.142184    1451
   531  266.256996  3.142486    1859
   532  266.198702  3.142809    1849
   533  266.239906  3.142706    1853
   534  266.247612  3.143039      81
   535  266.200077  3.143921    1188
   536  266.224012  3.144034    1703
   537  266.217779  3.144440     682
   538  266.202317  3.144556    1519
   539  266.226190  3.145418    1245
   540  266.204265  3.145740    1342
   541  266.228048  3.145776    1142
   542  266.296137  3.145616      42
   543  266.172390  3.146083     166
   544  266.263874  3.146521    1496
   545  266.223964  3.146654    1671
   546  266.194716  3.146740    1854
   547  266.212153  3.147609    1662
   548  266.265236  3.148171     338
   549  266.234456  3.148370    1097
   550  266.246262  3.148478    1774
   551  266.217685  3.148569    1713
   552  266.238438  3.148933    1856
   553  266.202374  3.149054     374
   554  266.283009  3.149346    1858
   555  266.274888  3.150192     924
   556  266.208715  3.150470    1855
   557  266.246173  3.151616     751
   558  266.220260  3.151234    1857
   559  266.187534  3.151808    1021
   560  266.236353  3.151833    1858
   561  266.232179  3.152108      37
   562  266.197652  3.152426     696
   563  266.183259  3.152633    1846
   564  266.265794  3.152399     413
   565  266.260233  3.152437     844
   566  266.185700  3.152678    1858
   567  266.185045  3.153548    1341
   568  266.209337  3.153715    1859
   569  266.259818  3.154644    1279
   570  266.216280  3.154792     283
   571  266.204960  3.154979     241
   572  266.173284  3.155637    1846
   573  266.244455  3.155528      41
   574  266.256842  3.155773    1394
   575  266.159745  3.156407    1589
   576  266.222969  3.156286     757
   577  266.187063  3.156415     101
   578  266.291383  3.156203      77
   579  266.285611  3.156805    1348
   580  266.167384  3.157258    1848
   581  266.212558  3.157262    1858
   582  266.215350  3.157403      91
   583  266.217807  3.158371    1052
   584  266.229146  3.157524    1412
   585  266.171077  3.158726    1457
   586  266.251426  3.159238      70
   587  266.160480  3.159636     572
   588  266.210520  3.159508     307
   589  266.192993  3.160262    1531
   590  266.249670  3.160629    1777
   591  266.162909  3.161044    1660
   592  266.278281  3.160935    1791
   593  266.219515  3.161926    1826
   594  266.187916  3.162498     694
   595  266.233946  3.162438    1859
   596  266.234702  3.164278    1141
   597  266.234507  3.166111    1504
   598  266.231584  3.164223     115
   599  266.231612  3.164743    1664
   600  266.231886  3.166083    1472
   601  266.230593  3.165043    1326
   602  266.232793  3.168000     630
   603  266.232269  3.168596    1494
   604  266.232393  3.169430    1405
   605  266.220627  3.170082    1859
   606  266.218024  3.172223     398
   607  266.227676  3.174612     259
   608  266.216614  3.175134     249
   609  266.216018  3.176197    1304
   610  266.191885  3.162603    1837
   611  266.241494  3.162498    1853
   612  266.182752  3.163080    1838
   613  266.259123  3.163015     758
   614  266.207723  3.163642    1413
   615  266.170429  3.164097      95
   616  266.246620  3.163897     354
   617  266.196389  3.164109    1842
   618  266.282002  3.164328     739
   619  266.290140  3.164482     406
   620  266.162504  3.164900     612
   621  266.266035  3.165127     701
   622  266.216281  3.165571     636
   623  266.193914  3.165910    1842
   624  266.260072  3.165994     434
   625  266.281377  3.165992      36
   626  266.285055  3.166203    1856
   627  266.183996  3.167001    1858
   628  266.158481  3.167123     263
   629  266.158217  3.168275     416
   630  266.216971  3.167089      29
   631  266.237022  3.167112    1855
   632  266.287804  3.167063    1059
   633  266.287432  3.168189     600
   634  266.205550  3.167557     122
   635  266.282419  3.167828     539
   636  266.250314  3.168935    1659
   637  266.204734  3.169185    1152
   638  266.255233  3.169291      23
   639  266.264839  3.169914    1857
   640  266.200912  3.171751      84
   641  266.257814  3.170388    1558
   642  266.218231  3.170524     787
   643  266.272552  3.170801     921
   644  266.182892  3.171610     318
   645  266.256499  3.172407    1858
   646  266.169999  3.173126    1827
   647  266.169536  3.174017     208
   648  266.206897  3.173773    1855
   649  266.205105  3.175063     971
   650  266.177578  3.174272    1830
   651  266.189216  3.174705    1238
   652  266.195450  3.174784    1855
   653  266.202147  3.174914    1857
   654  266.163766  3.175468      90
   655  266.250699  3.176605     640
   656  266.264620  3.176140    1624
   657  266.218375  3.178238    1410
   658  266.180207  3.177586    1519
   659  266.233011  3.177514    1818
   660  266.245418  3.177524    1722
   661  266.206438  3.177793     200
   662  266.257021  3.178299    1853
   663  266.286029  3.178281    1740
   664  266.251449  3.178632     923
   665  266.189539  3.178851     656
   666  266.241681  3.179643    1833
   667  266.236758  3.179825    1854
   668  266.180253  3.180858    1856
   669  266.186063  3.181256     146
   670  266.192535  3.181447    1438
   671  266.187881  3.181501    1852
   672  266.253207  3.181636    1259
   673  266.248092  3.181721    1458
   674  266.248517  3.182746     345
   675  266.217332  3.182029     837
   676  266.236003  3.182675      24
   677  266.159442  3.182949     849
   678  266.260453  3.183027    1814
   679  266.224336  3.183881     506
   680  266.203276  3.183979    1854
   681  266.163423  3.184230    1846
   682  266.242123  3.184032     460
   683  266.189327  3.184753     405
   684  266.187483  3.184800    1844
   685  266.177913  3.184937     222
   686  266.196370  3.185094    1855
   687  266.286216  3.184894    1842
   688  266.217119  3.185281    1846
   689  266.205493  3.185473    1851
   690  266.284208  3.185813      67
   691  266.268209  3.185577    1820
   692  266.231432  3.185876    1852
   693  266.258032  3.185941    1854
   694  266.174850  3.186334      68
   695  266.250163  3.186395     388
   696  266.199243  3.186543    1813
   697  266.262170  3.186791       6
   698  266.236140  3.186904    1831
   699  266.160200  3.187698    1053
   700  266.267081  3.187486    1858
   701  266.242834  3.187600     102
   702  266.228059  3.188040    1839
   703  266.269761  3.187920    1768
   704  266.216636  3.188418    1851
   705  266.188170  3.188580    1851
   706  266.220949  3.188792    1856
   707  266.210719  3.188953     514
   708  266.211821  3.189811      81
   709  266.207570  3.189630    1842
   710  266.241914  3.189835    1856
   711  266.273517  3.189910    1855
   712  266.239506  3.190036     505
   713  266.213503  3.190116    1846
   714  266.247036  3.190298    1853
   715  266.179131  3.190633    1853
   716  266.176730  3.191167     545
   717  266.207248  3.191486    1844
   718  266.236835  3.192403      80
   719  266.218635  3.192881    1780
   720  266.219246  3.194124     542
   721  266.220415  3.194272    1805
   722  266.235543  3.193605    1852
   723  266.268581  3.193527    1776
   724  266.205653  3.193786       4
   725  266.261739  3.193658    1837
   726  266.254485  3.194117     652
   727  266.168028  3.194743    1656
   728  266.284175  3.195015      40
   729  266.212977  3.196179    1463
   730  266.213830  3.196733     839
   731  266.293036  3.196100      78
   732  266.245236  3.196345     475
   733  266.208376  3.196464     626
   734  266.271136  3.196536     302
   735  266.224677  3.196850    1362
   736  266.234231  3.197330    1082
   737  266.277621  3.197216    1849
   738  266.189082  3.198686     701
   739  266.172525  3.197930    1849
   740  266.258770  3.198156      32
   741  266.197220  3.199070    1839
   742  266.275082  3.199597    1856
   743  266.267760  3.199656    1790
   744  266.167601  3.200211    1188
   745  266.200379  3.200139    1852
   746  266.256553  3.200101     941
   747  266.272883  3.200956    1855
   748  266.187301  3.201324    1856
   749  266.263636  3.201368     378
   750  266.278987  3.201944     715
   751  266.234437  3.202391    1099
   752  266.183669  3.202676      10
   753  266.267827  3.202507     858
   754  266.190647  3.203889    1324
   755  266.195582  3.204729     231
   756  266.184738  3.205489    1692
   757  266.270011  3.205346     322
   758  266.292135  3.205305     389
   759  266.192181  3.205952     101
   760  266.183323  3.206509     338
   761  266.255283  3.206583     207
   762  266.233484  3.206702     386
   763  266.163933  3.207206    1077
   764  266.225918  3.207927     245
   765  266.238252  3.207911    1823
   766  266.257913  3.208717    1178
   767  266.257042  3.209877    1790
   768  266.257811  3.211299    1845
   769  266.181279  3.209086     751
   770  266.210537  3.209303    1848
   771  266.205690  3.209319    1858
   772  266.199364  3.209428    1623
   773  266.227761  3.209548     619
   774  266.229049  3.209999    1856
   775  266.230737  3.210131     153
   776  266.184051  3.210734    1853
   777  266.162058  3.210893     221
   778  266.164047  3.211312    1856
   779  266.249302  3.211415    1858
   780  266.284531  3.211884    1128
   781  266.284384  3.212851    1834
   782  266.213685  3.211813    1853
   783  266.268727  3.212484     140
   784  266.234629  3.212593     775
   785  266.184289  3.213040    1827
   786  266.276288  3.213140    1828
   787  266.237113  3.213421    1743
   788  266.200927  3.214268    1405
   789  266.229246  3.215542    1488
   790  266.211329  3.215718      48
   791  266.224029  3.215684    1820
   792  266.224902  3.216573    1763
   793  266.219855  3.215907    1857
   794  266.194288  3.216113     284
   795  266.200086  3.216539    1804
   796  266.179947  3.218119    1848
   797  266.178946  3.218744      67
   798  266.178763  3.220384    1450
   799  266.273226  3.218097     175
   800  266.175467  3.218384     468
   801  266.208576  3.219025    1857
   802  266.239087  3.218947    1839
   803  266.270076  3.219669    1781
   804  266.246027  3.220023     824
   805  266.266046  3.220072     510
   806  266.296118  3.221032       7
   807  266.280732  3.221096    1656
   808  266.218202  3.222273     296
   809  266.282763  3.222449    1082
   810  266.161426  3.223603    1846
   811  266.221411  3.223514      32
   812  266.220232  3.224304      10
   813  266.243458  3.224286     100
   814  266.226708  3.224687      17
   815  266.163842  3.225581    1014
   816  266.255089  3.225566    1850
   817  266.173375  3.225935     863
   818  266.187143  3.226081    1814
   819  266.235662  3.226652     868
   820  266.270625  3.227100     561
   821  266.255819  3.227157    1821
   822  266.268196  3.227233     531
   823  266.293922  3.227417    1212
   824  266.186753  3.228581    1592
   825  266.177952  3.228652     367
   826  266.254327  3.228449    1265
   827  266.246986  3.228615      43
   828  266.246127  3.229485    1842
   829  266.264846  3.228906      44
   830  266.176101  3.229547     611
   831  266.193192  3.229966    1490
   832  266.259744  3.230090     723
   833  266.260966  3.230907     105
   834  266.168947  3.231001    1856
   835  266.274085  3.230348    1301
   836  266.249792  3.231429     546
   837  266.166539  3.231746     139
   838  266.288312  3.231397    1367
   839  266.258757  3.232346     100
   840  266.283043  3.232280     288
   841  266.185379  3.232884    1285
   842  266.229103  3.232820    1497
   843  266.206353  3.232895    1440
   844  266.263357  3.232877     794
   845  266.271395  3.233461    1342
   846  266.250367  3.233348     366
   847  266.163302  3.233680    1588
   848  266.247885  3.233896    1147
   849  266.221387  3.234050    1010
   850  266.200512  3.234761      81
   851  266.218890  3.234943     125
   852  266.223948  3.235771     102
   853  266.248844  3.236168    1515
   854  266.247998  3.236786    1323
   855  266.208854  3.237485    1588
   856  266.245222  3.238707      85
   857  266.246256  3.238181     723
   858  266.193828  3.238404    1522
   859  266.294395  3.238363    1333
   860  266.282494  3.238755     110
   861  266.238197  3.239912     607
   862  266.187506  3.240544      96
   863  266.162853  3.241809     137
   864  266.171556  3.240781      12
   865  266.216872  3.240792      49
   866  266.180805  3.240908    1359
   867  266.234553  3.240795    1362
   868  266.183770  3.241795     588
   869  266.257149  3.098720     330
   870  266.179626  3.101206     953
   871  266.250311  3.101422    1692
   872  266.274308  3.102189    1855
   873  266.253104  3.103168     478
   874  266.219674  3.104125    1309
   875  266.271815  3.107815     630
   876  266.231782  3.108656    1518
   877  266.275822  3.110634    1434
   878  266.242676  3.110757     204
   879  266.228881  3.110980    1853
   880  266.171859  3.111170      57
   881  266.252282  3.110958    1349
   882  266.168799  3.111477     184
   883  266.267660  3.111225    1857
   884  266.184826  3.113882    1419
   885  266.289633  3.114875    1207
   886  266.238936  3.115922    1835
   887  266.291906  3.116401     583
   888  266.182600  3.116812    1052
   889  266.170384  3.117030    1046
   890  266.277216  3.117723    1783
   891  266.239382  3.121191    1239
   892  266.198752  3.121891    1093
   893  266.269190  3.122764     164
   894  266.188406  3.122545    1542
   895  266.257327  3.123164     133
   896  266.178933  3.123820    1852
   897  266.203040  3.125245    1854
   898  266.171083  3.126475    1416
   899  266.160459  3.127453     674
   900  266.288224  3.127553     186
   901  266.186803  3.128215    1801
   902  266.246604  3.128557    1025
   903  266.235844  3.132148      98
   904  266.271118  3.132625     922
   905  266.271312  3.133242      23
   906  266.242697  3.134083     524
   907  266.269374  3.135705     247
   908  266.270603  3.135953    1834
   909  266.242812  3.137582    1546
   910  266.270084  3.138176     482
   911  266.257346  3.139711     138
   912  266.275286  3.139550     827
   913  266.181386  3.139970    1763
   914  266.162703  3.140869    1490
   915  266.200458  3.141260    1855
   916  266.207219  3.142193     590
   917  266.207267  3.142620     553
   918  266.251547  3.142585    1841
   919  266.283083  3.142741      56
   920  266.287774  3.144517       9
   921  266.289521  3.142991    1086
   922  266.230033  3.144489     445
   923  266.233853  3.144727    1851
   924  266.220229  3.147641    1124
   925  266.209785  3.149022    1845
   926  266.229344  3.150245    1850
   927  266.242254  3.150273    1844
   928  266.277257  3.150427    1839
   929  266.204212  3.151757    1856
   930  266.161189  3.152265    1798
   931  266.161456  3.153796    1852
   932  266.290652  3.151908     930
   933  266.207110  3.152381    1834
   934  266.212329  3.153838    1855
   935  266.220254  3.155014    1855
   936  266.219799  3.156052     853
   937  266.158448  3.155248      59
   938  266.235712  3.156065    1201
   939  266.201437  3.156137    1854
   940  266.226291  3.156414     320
   941  266.246206  3.156995     454
   942  266.223633  3.158091     159
   943  266.221930  3.160568    1807
   944  266.222292  3.161255     184
   945  266.199045  3.158165    1349
   946  266.283964  3.158009    1169
   947  266.240982  3.160239     261
   948  266.228075  3.160373     607
   949  266.201326  3.160458     200
   950  266.231947  3.160486    1488
   951  266.212142  3.160630     751
   952  266.292230  3.160652    1588
   953  266.217108  3.161280    1858
   954  266.257993  3.161264     552
   955  266.276360  3.161277      46
   956  266.225493  3.161689    1859
   957  266.185409  3.162140    1858
   958  266.237312  3.162319     119
   959  266.212759  3.162615     296
   960  266.228926  3.162997    1638
   961  266.239059  3.170008    1637
   962  266.241273  3.170248    1499
   963  266.238423  3.170186     142
   964  266.240993  3.171517    1454
   965  266.240537  3.172675    1825
   966  266.224307  3.173977     198
   967  266.249441  3.163952    1386
   968  266.267929  3.164260     558
   969  266.243517  3.164636      65
   970  266.202118  3.164987     737
   971  266.201910  3.166047     313
   972  266.238557  3.164940    1850
   973  266.218118  3.165131     994
   974  266.213218  3.165281     213
   975  266.186093  3.165958    1858
   976  266.212692  3.167777    1711
   977  266.213570  3.167832     187
   978  266.214810  3.166855       9
   979  266.196640  3.166309      23
   980  266.176629  3.166983     101
   981  266.171282  3.169528     204
   982  266.279437  3.169790    1700
   983  266.261062  3.169897     165
   984  266.178346  3.170250    1816
   985  266.243940  3.170536    1831
   986  266.214253  3.171788    1841
   987  266.158157  3.173082     960
   988  266.277256  3.173327      26
   989  266.260457  3.173880    1856
   990  266.246841  3.174538    1168
   991  266.211342  3.175153     346
   992  266.294974  3.175321      53
   993  266.231258  3.177135      49
   994  266.231092  3.177621    1857
   995  266.243537  3.175952     848
   996  266.288639  3.175915     766
   997  266.289217  3.176096      92
   998  266.237834  3.176439     522
   999  266.240551  3.176349      16
  1000  266.239971  3.176442    1374
  1001  266.213950  3.177646      17
  1002  266.213790  3.178969    1859
  1003  266.209137  3.177667    1832
  1004  266.265797  3.178665    1553
  1005  266.284956  3.178742    1857
  1006  266.258790  3.179507    1859
  1007  266.230859  3.179964     392
  1008  266.231916  3.180909       1
  1009  266.232799  3.181158     724
  1010  266.231269  3.182378     125
  1011  266.215576  3.182225    1840
  1012  266.292896  3.180829      10
  1013  266.220166  3.181154     705
  1014  266.221482  3.182043    1279
  1015  266.177241  3.182016    1857
  1016  266.265411  3.182683    1797
  1017  266.180798  3.183050    1420
  1018  266.239061  3.183514    1719
  1019  266.239117  3.184420    1074
  1020  266.238459  3.184728    1615
  1021  266.214066  3.183947    1609
  1022  266.214847  3.184911      58
  1023  266.194152  3.184226    1856
  1024  266.167935  3.184544     955
  1025  266.171563  3.184843    1668
  1026  266.296090  3.184875    1534
  1027  266.273777  3.185565    1853
  1028  266.192717  3.186611    1532
  1029  266.204338  3.186590     917
  1030  266.239426  3.186590    1426
  1031  266.239356  3.187492    1811
  1032  266.214406  3.187825      46
  1033  266.178050  3.188960    1474
  1034  266.250751  3.189585    1845
  1035  266.233603  3.189769     339
  1036  266.191744  3.191639    1651
  1037  266.229188  3.192001    1856
  1038  266.287451  3.192659     122
  1039  266.182742  3.192402    1857
  1040  266.227059  3.192722      75
  1041  266.245453  3.193009      30
  1042  266.277018  3.193200     593
  1043  266.177290  3.193549    1434
  1044  266.256222  3.195461    1131
  1045  266.269286  3.195494     934
  1046  266.250668  3.198261    1856
  1047  266.199826  3.197394     963
  1048  266.229980  3.197829     633
  1049  266.158641  3.198371    1021
  1050  266.253867  3.200317    1705
  1051  266.253086  3.200538     296
  1052  266.282935  3.199648     706
  1053  266.230559  3.200381     215
  1054  266.261400  3.200937    1218
  1055  266.251746  3.201785      76
  1056  266.201995  3.202291    1321
  1057  266.246101  3.203073     662
  1058  266.173982  3.203786     681
  1059  266.281918  3.203665    1813
  1060  266.231624  3.204132     960
  1061  266.262944  3.205371    1854
  1062  266.187008  3.207559    1364
  1063  266.223723  3.208617    1816
  1064  266.252909  3.208666    1843
  1065  266.194889  3.210799    1853
  1066  266.192228  3.213008    1222
  1067  266.159944  3.217191     144
  1068  266.169531  3.217795    1858
  1069  266.224211  3.218429      12
  1070  266.293074  3.219224      57
  1071  266.292354  3.220728     622
  1072  266.289089  3.221196    1567
  1073  266.261141  3.221509     542
  1074  266.159114  3.222034     792
  1075  266.260322  3.223095     756
  1076  266.260003  3.224230     618
  1077  266.255326  3.223323    1750
  1078  266.182665  3.224820    1757
  1079  266.231139  3.225330     960
  1080  266.224093  3.230821    1109
  1081  266.183283  3.231604      74
  1082  266.277189  3.231795    1580
  1083  266.293284  3.232066    1573
  1084  266.198829  3.233954     818
  1085  266.226669  3.235021    1266
  1086  266.275550  3.235082    1134
  1087  266.289566  3.235177    1556
  1088  266.242395  3.235781     438
  1089  266.282269  3.235923    1575
  1090  266.268029  3.236951     777
  1091  266.268546  3.237416     817
  1092  266.222205  3.237929    1576
  1093  266.194460  3.240684    1342
  1094  266.176101  3.241179    1188
  1095  266.277881  3.101959     481
  1096  266.189339  3.101623     321
  1097  266.228511  3.103443     327
  1098  266.274470  3.104100    1295
  1099  266.278111  3.107814    1760
  1100  266.287198  3.107873    1799
  1101  266.245602  3.108045     163
  1102  266.216822  3.111777      81
  1103  266.178714  3.112422    1766
  1104  266.278563  3.111726    1848
  1105  266.252750  3.113038     760
  1106  266.294809  3.113084    1588
  1107  266.198539  3.117436      20
  1108  266.198613  3.118027    1844
  1109  266.284425  3.121558    1850
  1110  266.294859  3.122301    1172
  1111  266.171046  3.123438    1857
  1112  266.235187  3.123490     459
  1113  266.157942  3.124329    1585
  1114  266.231946  3.124284     417
  1115  266.293572  3.126375    1581
  1116  266.176447  3.127605    1859
  1117  266.221819  3.137279      66
  1118  266.292572  3.136161    1588
  1119  266.214444  3.137356     831
  1120  266.228967  3.138699    1818
  1121  266.228343  3.138959     198
  1122  266.189720  3.138893    1650
  1123  266.220075  3.139710    1416
  1124  266.284846  3.141987    1599
  1125  266.279439  3.143152    1850
  1126  266.289510  3.145048    1589
  1127  266.179993  3.149395    1857
  1128  266.217224  3.158818      12
  1129  266.219716  3.159742     378
  1130  266.215070  3.160800    1745
  1131  266.261896  3.160623      62
  1132  266.229545  3.161232      92
  1133  266.204371  3.163412     212
  1134  266.220132  3.172239    1809
  1135  266.219345  3.172839    1724
  1136  266.220410  3.172887     340
  1137  266.218268  3.172903    1603
  1138  266.221514  3.173353    1498
  1139  266.222365  3.172962       3
  1140  266.221995  3.173317      79
  1141  266.221222  3.174278    1566
  1142  266.222050  3.171733      83
  1143  266.222082  3.174990    1779
  1144  266.222248  3.171266     399
  1145  266.221925  3.175721     995
  1146  266.223433  3.171215    1271
  1147  266.224107  3.171873     790
  1148  266.227007  3.171865     307
  1149  266.228133  3.172089    1104
  1150  266.228456  3.172718     525
  1151  266.228471  3.173371      17
  1152  266.229415  3.171070    1858
  1153  266.229542  3.172716    1819
  1154  266.230237  3.173544    1236
  1155  266.231189  3.173547     572
  1156  266.231405  3.172567     837
  1157  266.232261  3.174383    1857
  1158  266.228782  3.167948    1855
  1159  266.234804  3.171046     179
  1160  266.234064  3.171291     906
  1161  266.236166  3.170781      55
  1162  266.236945  3.170543      77
  1163  266.236124  3.173030     298
  1164  266.239617  3.166994      15
  1165  266.294256  3.167914    1587
  1166  266.216595  3.169370      29
  1167  266.209015  3.170451    1830
  1168  266.200983  3.170498    1800
  1169  266.200173  3.171129     109
  1170  266.209832  3.172606    1729
  1171  266.204609  3.174090     189
  1172  266.251166  3.175484    1829
  1173  266.236665  3.176125     187
  1174  266.218888  3.176553       1
  1175  266.219704  3.179324    1352
  1176  266.235179  3.177559     305
  1177  266.234824  3.179035    1841
  1178  266.228011  3.178387      32
  1179  266.227906  3.179479     175
  1180  266.229059  3.179699     103
  1181  266.238683  3.178599    1108
  1182  266.205966  3.178913    1856
  1183  266.211328  3.180862    1840
  1184  266.226533  3.181041     247
  1185  266.224692  3.181144    1060
  1186  266.194594  3.182449    1846
  1187  266.209327  3.182744     406
  1188  266.209277  3.183826    1849
  1189  266.252250  3.182980    1181
  1190  266.255591  3.183157     138
  1191  266.183558  3.195197     395
  1192  266.222486  3.195895    1228
  1193  266.208011  3.197139     731
  1194  266.188637  3.197688    1855
  1195  266.175066  3.200279     146
  1196  266.256314  3.203047     336
  1197  266.250276  3.203301    1854
  1198  266.178041  3.206413       4
  1199  266.178677  3.206417    1646
  1200  266.261227  3.210024     350
  1201  266.221597  3.211771    1854
  1202  266.213923  3.225076     205
  1203  266.279627  3.232585    1580
  1204  266.271960  3.233267      13
  1205  266.244535  3.237759     173
  1206  266.162543  3.240762    1361
  1207  266.163912  3.099670    1551
  1208  266.222970  3.100600       9
  1209  266.279605  3.101390    1304
  1210  266.172840  3.101955    1852
  1211  266.178399  3.106011    1852
  1212  266.225199  3.128452     155
  1213  266.210498  3.134080      18
  1214  266.234891  3.135753       2
  1215  266.257761  3.139268    1732
  1216  266.189670  3.142667    1858
  1217  266.266211  3.144157     218
  1218  266.194892  3.149710    1852
  1219  266.244690  3.151075     473
  1220  266.289046  3.152082    1461
  1221  266.237724  3.153173     405
  1222  266.245352  3.157164    1833
  1223  266.227020  3.157692    1568
  1224  266.223932  3.159569    1856
  1225  266.204751  3.159297      29
  1226  266.263381  3.159741    1275
  1227  266.235244  3.162840    1711
  1228  266.228310  3.162864      65
  1229  266.232926  3.164980      29
  1230  266.210133  3.167016     128
  1231  266.259837  3.168707    1240
  1232  266.240030  3.169712     107
  1233  266.204603  3.170149    1852
  1234  266.231970  3.170261    1820
  1235  266.213586  3.170750    1775
  1236  266.214270  3.172461      80
  1237  266.269094  3.173242      15
  1238  266.238525  3.173677      16
  1239  266.231261  3.175920      55
  1240  266.242368  3.175985    1288
  1241  266.227227  3.176166    1852
  1242  266.223259  3.178403    1838
  1243  266.229369  3.177038     231
  1244  266.230326  3.177728     282
  1245  266.225472  3.177205     340
  1246  266.226350  3.177729       9
  1247  266.283255  3.185347    1307
  1248  266.202988  3.190975    1750
  1249  266.228967  3.197833    1854
  1250  266.169128  3.211829      27
  1251  266.285356  3.211510       7
  1252  266.293981  3.218467    1390
  1253  266.293259  3.228665    1572
  1254  266.285901  3.230025    1583
  1255  266.270874  3.234886    1576
  1256  266.162075  3.239130      17
  1257  266.233437  3.098999    1588
  1258  266.277917  3.100717    1843
  1259  266.260764  3.101466     124
  1260  266.259538  3.110302    1844
  1261  266.195770  3.124495       5
  1262  266.287081  3.144356       1
  1263  266.295485  3.148120    1590
  1264  266.209805  3.151897     186
  1265  266.217071  3.157390    1744
  1266  266.228581  3.166421    1356
  1267  266.221534  3.167417     723
  1268  266.225829  3.169762     688
  1269  266.230741  3.167219    1825
  1270  266.230535  3.168139     645
  1271  266.222336  3.164684    1849
  1272  266.225114  3.170067    1723
  1273  266.224211  3.171364      28
  1274  266.211447  3.165978    1859
  1275  266.212346  3.167017      10
  1276  266.212976  3.168373       1
  1277  266.171155  3.168783    1556
  1278  266.229418  3.169403    1859
  1279  266.234657  3.173597    1858
  1280  266.235204  3.174020      85
  1281  266.219381  3.174783    1386
  1282  266.268849  3.173893    1569
  1283  266.215073  3.180657       2
  1284  266.214752  3.181441    1045
  1285  266.224623  3.181620     489
  1286  266.246034  3.193130     538
  1287  266.254029  3.198980    1689
  1288  266.217991  3.111057    1856
  1289  266.190760  3.116782    1561
  1290  266.222501  3.136319     663
  1291  266.266926  3.143810    1842
  1292  266.235542  3.146660       6
  1293  266.221414  3.152375    1808
  1294  266.231374  3.160794     270
  1295  266.275808  3.162176     194
  1296  266.234378  3.165266       4
  1297  266.235506  3.165764      13
  1298  266.220801  3.170988       7
  1299  266.219497  3.171782     229
  1300  266.214870  3.173232     277
  1301  266.229377  3.174680    1859
  1302  266.221107  3.175318      45
  1303  266.223574  3.177700     813
  1304  266.219246  3.177772    1396
  1305  266.176489  3.177903    1856
  1306  266.215438  3.178064     801
  1307  266.234991  3.179870      43
  1308  266.212949  3.180078      57
  1309  266.220474  3.186225      36
  1310  266.231770  3.205228       2
  1311  266.265136  3.238320       1
  1312  266.180077  3.111836    1857
  1313  266.236104  3.155217    1700
  1314  266.225542  3.164252    1773
  1315  266.225519  3.167255     791
  1316  266.225229  3.168271    1171
  1317  266.226827  3.169225       1
  1318  266.223889  3.165529    1841
  1319  266.222822  3.166698    1182
  1320  266.222558  3.165917    1201
  1321  266.228262  3.170986     670
  1322  266.232915  3.164185       1
  1323  266.234433  3.169640       3
  1324  266.234121  3.170151    1225
  1325  266.225976  3.172604     949
  1326  266.219190  3.173464      21
  1327  266.218251  3.174373     178
  1328  266.222668  3.173780      58
  1329  266.210266  3.175959    1048
  1330  266.213168  3.178137       8
  1331  266.249883  3.197084     585
  1332  266.268815  3.122290    1419
  1333  266.219011  3.155293     708
  1334  266.222561  3.159928     285
  1335  266.220496  3.163844    1263
  1336  266.219737  3.167011    1837
  1337  266.231053  3.166427     163
  1338  266.230218  3.166610     949
  1339  266.230633  3.171149       3
  1340  266.231863  3.171912       4
  1341  266.232031  3.172509     488
  1342  266.234091  3.172042      16
  1343  266.235600  3.173219     383
  1344  266.222389  3.176750     237
  1345  266.220643  3.186933    1857
  1346  266.200541  3.099657    1323
  1347  266.167605  3.125782    1494
  1348  266.227242  3.168751    1823
  1349  266.221362  3.163816      32
  1350  266.262335  3.164853       1
  1351  266.286555  3.142990       5
  1352  266.287430  3.143675      13
  1353  266.224319  3.166278     178
  1354  266.224387  3.167803     892
  1355  266.222076  3.168841      12
  1356  266.222611  3.168857     412
  1357  266.226413  3.163745     401
  1358  266.226634  3.164335     904
  1359  266.227877  3.166242     722
  1360  266.226926  3.166696    1748
  1361  266.228075  3.165387     482
  1362  266.220247  3.164783    1843
  1363  266.220080  3.166290      32
  1364  266.229051  3.172122     126
  1365  266.222308  3.167901    1859
  1366  266.226304  3.165751      79
  1367  266.223344  3.167100       5
  1368  266.224892  3.171669    1234
  1369  266.233358  3.171712    1849
  1370  266.236290  3.174448      85
  1371  266.226688  3.168111      76
  1372  266.286702  3.143853     126
  1373  266.223104  3.167855     138
  1374  266.222783  3.159067      28
  1375  266.227444  3.170024     108
  1376  266.225142  3.172179       3
  1377  266.219232  3.175436     346
  1378  266.215831  3.160154      12
